# Commandes random

vect1 <- c(1,2,3,4)
vect2 <- c(5,6,7,8)



